camera_matrix:
- - 724.9468584314782
  - 0.0
  - 294.0784909425864
- - 0.0
  - 726.5748875186629
  - 224.90382254588468
- - 0.0
  - 0.0
  - 1.0
dist_coeff:
- - -0.49049030519214426
  - 0.5735694564585354
  - -0.0012359235721848968
  - -0.00041177564616282195
  - -0.9917367587762907
